inc = 51.6467
RAAN = 003.4695
argPeri = 274.2255
ecc = 0000261
M = 184.5001
n = 15.49299389265386

rVec_ECI = [-35.482871554191870 - 16.494204903728160i; -1.960618946999183e+02 + 1.760862954951559e+00i; 2.500362656714200e+02 - 9.599552532440657e-01i] (km)
vVec_ECI = [4.078542110492722e-02 - 1.752408407059352e+02i; 0.225361324709961 + 18.708092108392666i; -0.287401609290203 - 10.198937542030034i] (km/s)
